35 35
27 447
VERTICAL
81
10 0
10 1
10 2
10 3
10 4
10 5
10 6
10 7
10 8
10 9
10 10
10 11
10 12
10 13
10 14
10 15
10 16
10 17
10 18
10 19
10 20
10 21
10 22
10 23
10 24
10 25
10 26
10 27
10 28
10 29
10 30
10 31
10 32
10 33
10 34
11 17
12 17
13 17
14 17
15 17
16 17
17 17
18 17
19 17
20 17
21 17
25 0
25 1
25 2
25 3
25 4
25 5
25 6
25 7
25 8
25 9
25 10
25 11
25 12
25 13
25 14
25 15
25 16
25 17
25 18
25 19
25 20
25 21
25 22
25 23
25 24
25 25
25 26
25 27
25 28
25 29
25 30
25 31
25 32
25 33
25 34
84
13 0
13 1
13 2
13 3
13 4
13 5
13 6
13 7
13 14
13 20
13 27
13 28
13 29
13 30
13 31
13 32
13 33
13 34
14 0
14 1
14 2
14 3
14 4
14 5
14 6
14 7
14 14
14 20
14 27
14 28
14 29
14 30
14 31
14 32
14 33
14 34
15 6
15 7
15 14
15 20
15 27
15 28
16 6
16 7
16 8
16 9
16 10
16 11
16 12
16 13
16 14
16 20
16 21
16 22
16 23
16 24
16 25
16 26
16 27
16 28
17 6
17 7
17 27
17 28
18 6
18 7
18 27
18 28
19 6
19 7
19 27
19 28
20 6
20 7
20 27
20 28
21 6
21 7
21 27
21 28
22 6
22 7
22 27
22 28
8
11 1
11 33
12 1
12 33
24 1
24 2
24 32
24 33
4
11 2
11 32
12 2
12 32
8
11 0
11 34
12 0
12 34
23 0
23 34
24 0
24 34
2
18 31 50
18 3 50
56
15 34 4
15 0 4
15 33 4
15 1 4
15 32 4
15 2 4
15 31 4
15 3 4
15 30 4
15 4 4
15 29 4
15 5 4
16 29 4
16 5 4
17 29 4
17 5 4
18 29 4
18 5 4
19 29 4
19 5 4
20 29 4
20 5 4
22 29 4
22 5 4
21 29 4
21 5 4
19 31 2
19 3 2
20 31 2
20 3 2
21 31 2
21 3 2
21 32 2
21 2 2
21 33 2
21 1 2
20 33 2
20 1 2
20 32 2
20 2 2
19 32 2
19 2 2
16 30 4
16 4 4
16 31 4
16 3 4
16 32 4
16 2 4
16 33 4
16 1 4
16 34 4
16 0 4
20 0 8
20 34 8
19 1 2
19 33 2
11 22
11 12